1125
1126
1128
1133
1134
1135
1136
1137
1144
1147
1223
1224
1225
1226
1227
1228
1233
1234
1235
1236
1237
1238
1244
1245
1246
1247
1248
1249
1255
1256
1257
1258
1259
1266
1267
1268
1269
1278
1288
1289
1336
1344
1345
1347
1348
1355
1356
1357
1358
1359
1366
1368
1369
1378
1389
1446
1457
1466
1467
1468
1557
1568
1579
1668
2234
2235
2236
2237
2238
2249
2256
2258
2259
2269
2333
2334
2335
2336
2337
2338
2344
2345
2346
2347
2348
2349
2355
2356
2357
2358
2359
2366
2367
2377
2378
2379
2389
2445
2455
2456
2458
2459
2467
2469
2478
2489
2556
2558
2559
2566
2569
2578
2667
2679
2689
3334
3344
3345
3346
3348
3356
3357
3367
3445
3446
3449
3455
3456
3457
3458
3466
3468
3478
3479
3556
3559
3566
3567
3667
3668
3678
3789
4456
4467
4566
4569
5567
6889