1123
1125
1128
1129
1134
1135
1137
1138
1139
1147
1148
1225
1226
1227
1228
1229
1233
1234
1235
1236
1237
1238
1239
1244
1245
1246
1247
1248
1249
1255
1257
1258
1267
1268
1269
1278
1279
1289
1339
1348
1349
1355
1356
1357
1358
1359
1366
1367
1368
1369
1379
1448
1456
1457
1458
1459
1467
1468
1469
1479
1568
1569
1577
1578
1579
1679
1689
1789
2224
2228
2234
2235
2236
2237
2238
2239
2245
2246
2247
2248
2256
2266
2267
2268
2289
2335
2336
2337
2338
2339
2344
2345
2346
2347
2348
2349
2356
2358
2366
2367
2368
2369
2378
2379
2388
2389
2445
2447
2448
2456
2457
2458
2459
2466
2467
2468
2477
2478
2489
2558
2567
2568
2569
2578
2588
2589
2668
2669
2679
2689
2699
2788
2789
2799
3344
3345
3346
3359
3369
3379
3389
3399
3446
3448
3456
3457
3458
3466
3467
3468
3469
3479
3488
3489
3556
3566
3567
3569
3578
3589
3668
3677
3678
3679
3689
3699
3789
3799
4479
4568
4588
4668
4678
4679
4688
5789