1123
1124
1125
1126
1128
1133
1134
1135
1136
1137
1144
1147
1222
1224
1225
1226
1227
1228
1233
1234
1235
1236
1237
1238
1239
1244
1245
1246
1248
1255
1256
1257
1258
1266
1267
1268
1278
1279
1289
1333
1335
1339
1344
1345
1346
1347
1348
1349
1355
1356
1359
1366
1368
1369
1446
1455
1456
1457
1467
1468
1478
1577
1669
2223
2224
2228
2233
2234
2236
2237
2238
2244
2245
2246
2247
2248
2256
2266
2268
2278
2279
2333
2336
2338
2339
2344
2345
2346
2347
2348
2349
2356
2358
2359
2366
2367
2368
2369
2378
2379
2389
2399
2444
2445
2446
2447
2448
2455
2457
2458
2459
2466
2467
2468
2469
2478
2479
2488
2489
2556
2566
2567
2568
2667
2668
2677
2688
2778
2788
2889
2899
3336
3345
3346
3348
3366
3367
3369
3399
3446
3448
3456
3459
3468
3469
3489
3567
3569
3667
3669
3677
3678
3689
3699
4678