1135
1136
1137
1138
1139
1144
1145
1225
1227
1228
1229
1233
1234
1236
1237
1238
1239
1244
1245
1246
1247
1248
1249
1255
1256
1257
1258
1259
1266
1267
1268
1269
1279
1289
1299
1336
1337
1338
1344
1346
1356
1358
1359
1367
1368
1468
1469
1488
2229
2235
2236
2237
2238
2239
2245
2247
2249
2255
2256
2258
2266
2267
2269
2334
2335
2336
2337
2338
2344
2345
2346
2347
2348
2349
2355
2356
2357
2358
2359
2366
2367
2369
2377
2378
2379
2388
2389
2445
2447
2449
2455
2456
2457
2458
2459
2467
2477
2478
2479
2489
2558
2559
2569
2578
2588
2667
2677
2678
2679
2788
2789
2889
2899
3346
3367
3445
3446
3447
3449
3455
3456
3467
3488
3489
3578
3579
3679
3689
3699
4456
4566
4567
4568
4689
5679